[gd_scene load_steps=17 format=2]

[ext_resource path="res://bethnal_green_entrance_2k.hdr" type="Texture" id=1]
[ext_resource path="res://depth_buffer.shader" type="Shader" id=3]
[ext_resource path="res://roof_depth.shader" type="Shader" id=4]
[ext_resource path="res://rain_material.tres" type="Material" id=5]

[sub_resource type="GDScript" id=1]
script/source = "extends Viewport
tool

# Called when the node enters the scene tree for the first time.
func _ready():
	var res = load(\"res://roof_cam.tres\")
	res.setup_local_to_scene() #Without this, for some reason, this viewport in the shader does not work. 
	#print(res.resource_local_to_scene)
	#res.resource_local_to_scene = false 
	pass # Replace with function body.
"

[sub_resource type="ShaderMaterial" id=2]
shader = ExtResource( 4 )

[sub_resource type="PlaneMesh" id=3]
material = SubResource( 2 )
size = Vector2( 30, 30 )

[sub_resource type="CubeMesh" id=4]

[sub_resource type="PlaneMesh" id=5]
subdivide_width = 4
subdivide_depth = 4

[sub_resource type="ShaderMaterial" id=6]
shader = ExtResource( 3 )

[sub_resource type="QuadMesh" id=7]
material = SubResource( 6 )
size = Vector2( 2, 2 )

[sub_resource type="PlaneMesh" id=8]

[sub_resource type="SphereMesh" id=9]

[sub_resource type="PanoramaSky" id=10]
panorama = ExtResource( 1 )

[sub_resource type="Environment" id=11]
background_mode = 2
background_sky = SubResource( 10 )

[sub_resource type="ViewportTexture" id=12]
viewport_path = NodePath("Viewport")

[node name="Spatial" type="Spatial"]

[node name="Camera" type="Camera" parent="."]
transform = Transform( 1, 0, 0, 0, 0.780114, 0.625638, 0, -0.625638, 0.780114, -1.63905, 3.99936, 5.58323 )

[node name="Viewport" type="Viewport" parent="."]
size = Vector2( 256, 256 )
handle_input_locally = false
keep_3d_linear = true
render_target_v_flip = true
render_target_update_mode = 3
gui_snap_controls_to_pixels = false
script = SubResource( 1 )

[node name="roof_camera" type="Camera" parent="Viewport"]
transform = Transform( 1, 0, 0, 0, -1.62921e-07, 1, 0, -1, -1.62921e-07, 0, 20, 0 )
projection = 1
current = true
size = 30.0
near = 0.01
far = 30.0

[node name="MeshInstance" type="MeshInstance" parent="Viewport/roof_camera"]
transform = Transform( 1, 0, 0, 0, -1.62921e-07, -1, 0, 1, -1.62921e-07, 0, 0, -0.02 )
cast_shadow = 0
mesh = SubResource( 3 )
material/0 = null

[node name="MeshInstance" type="MeshInstance" parent="."]
transform = Transform( 1, 0, 0, 0, 0.999416, -0.0341843, 0, 0.0341843, 0.999416, 0.122846, -4.76837e-07, -0.00418043 )
mesh = SubResource( 4 )
material/0 = ExtResource( 5 )

[node name="MeshInstance2" type="MeshInstance" parent="."]
transform = Transform( 1, 0, 0, 0, 0.999999, 0, 0, 0, 0.999999, -5.11462, 1.65134, 0 )
mesh = SubResource( 5 )
material/0 = ExtResource( 5 )

[node name="MeshInstance4" type="MeshInstance" parent="."]
transform = Transform( 0.839781, 0, -0.542925, 0, 1, 0, 0.542925, 0, 0.839781, -2.66789, 0.784456, 5.16028 )
mesh = SubResource( 7 )
material/0 = null

[node name="MeshInstance5" type="MeshInstance" parent="."]
transform = Transform( 0.997541, -1.14187e-08, 0.0700873, -0.0700873, -1.6252e-07, 0.997541, 0, -1, -1.62921e-07, 4.8331, 0, 0 )

[node name="MeshInstance7" type="MeshInstance" parent="."]
transform = Transform( 1, 0, 0, 0, 1, 0, 0, 0, 2, -5.90905, 2.07693, -0.129272 )
mesh = SubResource( 8 )
material/0 = null

[node name="MeshInstance3" type="MeshInstance" parent="."]
transform = Transform( 1, 0, 0, 0, 1, 0, 0, 0, 1, -3.8266, 0, 0 )
mesh = SubResource( 9 )
material/0 = ExtResource( 5 )

[node name="WorldEnvironment" type="WorldEnvironment" parent="."]
environment = SubResource( 11 )

[node name="Sprite" type="Sprite" parent="."]
position = Vector2( 896.5, 130 )
texture = SubResource( 12 )
